(0 2) 
(0 18) 
(0 1) 
(0 10) 
(0 4) 
(0 5) 
(0 17) 
(1 10) 
(1 0) 
(1 17) 
(1 16) 
(1 4) 
(10 0) 
(10 1) 
(10 16) 
(10 17) 
(17 0) 
(17 10) 
(17 1) 
(17 16) 
(16 10) 
(16 1) 
(16 17) 
(16 4) 
(18 7) 
(18 5) 
(18 0) 
(7 18) 
(7 5) 
(7 13) 
(5 7) 
(5 18) 
(5 0) 
(5 2) 
(5 13) 
(5 14) 
(5 6) 
(2 5) 
(2 0) 
(2 4) 
(2 6) 
(4 0) 
(4 1) 
(4 16) 
(4 15) 
(4 11) 
(4 8) 
(4 9) 
(4 3) 
(4 2) 
(15 4) 
(11 4) 
(11 8) 
(8 4) 
(8 11) 
(6 2) 
(6 5) 
(6 14) 
(6 19) 
(6 3) 
(6 12) 
(3 6) 
(3 12) 
(3 9) 
(3 4) 
(9 4) 
(9 3) 
(9 12) 
(12 6) 
(12 3) 
(12 9) 
(13 7) 
(13 5) 
(13 14) 
(14 5) 
(14 13) 
(14 6) 
(14 19) 
(19 6) 
(19 14) 
(19 14) 
0 1 1 0 1 1 0 0 0 0 1 0 0 0 0 0 0 1 1 0 0 
1 0 0 0 1 0 0 0 0 0 1 0 0 0 0 0 1 1 0 0 0 
1 0 0 0 1 1 1 0 0 0 0 0 0 0 0 0 0 0 0 0 0 
0 0 0 0 1 0 1 0 0 1 0 0 1 0 0 0 0 0 0 0 0 
1 1 1 1 0 0 0 0 1 1 0 1 0 0 0 1 1 0 0 0 0 
1 0 1 0 0 0 1 1 0 0 0 0 0 1 1 0 0 0 1 0 0 
0 0 1 1 0 1 0 0 0 0 0 0 1 0 1 0 0 0 0 1 0 
0 0 0 0 0 1 0 0 0 0 0 0 0 1 0 0 0 0 1 0 0 
0 0 0 0 1 0 0 0 0 0 0 1 0 0 0 0 0 0 0 0 0 
0 0 0 1 1 0 0 0 0 0 0 0 1 0 0 0 0 0 0 0 0 
1 1 0 0 0 0 0 0 0 0 0 0 0 0 0 0 1 1 0 0 0 
0 0 0 0 1 0 0 0 1 0 0 0 0 0 0 0 0 0 0 0 0 
0 0 0 1 0 0 1 0 0 1 0 0 0 0 0 0 0 0 0 0 0 
0 0 0 0 0 1 0 1 0 0 0 0 0 0 1 0 0 0 0 0 0 
0 0 0 0 0 1 1 0 0 0 0 0 0 1 0 0 0 0 0 1 0 
0 0 0 0 1 0 0 0 0 0 0 0 0 0 0 0 0 0 0 0 0 
0 1 0 0 1 0 0 0 0 0 1 0 0 0 0 0 0 1 0 0 0 
1 1 0 0 0 0 0 0 0 0 1 0 0 0 0 0 1 0 0 0 0 
1 0 0 0 0 1 0 1 0 0 0 0 0 0 0 0 0 0 0 0 0 
0 0 0 0 0 0 1 0 0 0 0 0 0 0 1 0 0 0 0 0 0 
0 0 0 0 0 0 0 0 0 0 0 0 0 0 0 0 0 0 0 0 0 

 1
 0  1  2  3  4  5  6  7  8  9 10 11 12 13 14 15 16 17 18 19 20 
 1  0  0  1  0  0  0  1  1  0  0  0  0  0  1  1  1  0  0  0  1 


 2
 0  1  2  3  4  5  6  7  8  9 10 11 12 13 14 15 16 17 18 19 20 
 1  2  2  1  0  0  0  1  1  2  0  2  0  2  1  1  1  0  2  2  1 


 3
 0  1  2  3  4  5  6  7  8  9 10 11 12 13 14 15 16 17 18 19 20 
 1  2  2  1  3  3  0  1  1  2  3  2  3  2  1  1  1  0  2  2  1 


 4
 0  1  2  3  4  5  6  7  8  9 10 11 12 13 14 15 16 17 18 19 20 
 1  2  2  1  3  3  4  1  1  2  3  2  3  2  1  1  1  4  2  2  1 

number of color used: 4
1 1 1 0 1 1 0 0 0 0 1 0 0 0 0 0 0 1 1 0 0 
1 2 0 0 1 0 0 0 0 0 1 0 0 0 0 0 1 1 0 0 0 
1 0 2 0 1 1 1 0 0 0 0 0 0 0 0 0 0 0 0 0 0 
0 0 0 1 1 0 1 0 0 1 0 0 1 0 0 0 0 0 0 0 0 
1 1 1 1 3 0 0 0 1 1 0 1 0 0 0 1 1 0 0 0 0 
1 0 1 0 0 3 1 1 0 0 0 0 0 1 1 0 0 0 1 0 0 
0 0 1 1 0 1 4 0 0 0 0 0 1 0 1 0 0 0 0 1 0 
0 0 0 0 0 1 0 1 0 0 0 0 0 1 0 0 0 0 1 0 0 
0 0 0 0 1 0 0 0 1 0 0 1 0 0 0 0 0 0 0 0 0 
0 0 0 1 1 0 0 0 0 2 0 0 1 0 0 0 0 0 0 0 0 
1 1 0 0 0 0 0 0 0 0 3 0 0 0 0 0 1 1 0 0 0 
0 0 0 0 1 0 0 0 1 0 0 2 0 0 0 0 0 0 0 0 0 
0 0 0 1 0 0 1 0 0 1 0 0 3 0 0 0 0 0 0 0 0 
0 0 0 0 0 1 0 1 0 0 0 0 0 2 1 0 0 0 0 0 0 
0 0 0 0 0 1 1 0 0 0 0 0 0 1 1 0 0 0 0 1 0 
0 0 0 0 1 0 0 0 0 0 0 0 0 0 0 1 0 0 0 0 0 
0 1 0 0 1 0 0 0 0 0 1 0 0 0 0 0 1 1 0 0 0 
1 1 0 0 0 0 0 0 0 0 1 0 0 0 0 0 1 4 0 0 0 
1 0 0 0 0 1 0 1 0 0 0 0 0 0 0 0 0 0 2 0 0 
0 0 0 0 0 0 1 0 0 0 0 0 0 0 1 0 0 0 0 2 0 
0 0 0 0 0 0 0 0 0 0 0 0 0 0 0 0 0 0 0 0 1 
