(2 7) 
(7 2) 
(4 7) 
(7 4) 
(2 4) 
(4 2) 
(1 7) 
(7 1) 
(4 1) 
(1 4) 
(4 10) 
(10 4) 
(2 5) 
(5 2) 
(2 6) 
(6 2) 
(2 10) 
(10 2) 
(5 6) 
(6 5) 
(10 6) 
(6 10) 
(10 9) 
(9 10) 
(10 1) 
(1 10) 
(1 9) 
(9 1) 
(1 8) 
(8 1) 
(1 3) 
(3 1) 
(3 8) 
(8 3) 
(8 9) 
(9 8) 
(3 9) 
(9 3) 
(9 3) 
0 0 0 0 0 0 0 0 0 0 0 
0 0 0 1 1 0 0 1 1 1 1 
0 0 0 0 1 1 1 1 0 0 1 
0 1 0 0 0 0 0 0 1 1 0 
0 1 1 0 0 0 0 1 0 0 1 
0 0 1 0 0 0 1 0 0 0 0 
0 0 1 0 0 1 0 0 0 0 1 
0 1 1 0 1 0 0 0 0 0 0 
0 1 0 1 0 0 0 0 0 1 0 
0 1 0 1 0 0 0 0 1 0 1 
0 1 1 0 1 0 1 0 0 1 0 

 1
 0  1  2  3  4  5  6  7  8  9 10 
 1  1  1  0  0  0  0  0  0  0  0 


 2
 0  1  2  3  4  5  6  7  8  9 10 
 1  1  1  2  2  2  0  0  0  0  0 


 3
 0  1  2  3  4  5  6  7  8  9 10 
 1  1  1  2  2  2  3  3  3  0  0 


 4
 0  1  2  3  4  5  6  7  8  9 10 
 1  1  1  2  2  2  3  3  3  4  0 


 5
 0  1  2  3  4  5  6  7  8  9 10 
 1  1  1  2  2  2  3  3  3  4  5 

number of color used: 5
1 0 0 0 0 0 0 0 0 0 0 
0 1 0 1 1 0 0 1 1 1 1 
0 0 1 0 1 1 1 1 0 0 1 
0 1 0 2 0 0 0 0 1 1 0 
0 1 1 0 2 0 0 1 0 0 1 
0 0 1 0 0 2 1 0 0 0 0 
0 0 1 0 0 1 3 0 0 0 1 
0 1 1 0 1 0 0 3 0 0 0 
0 1 0 1 0 0 0 0 3 1 0 
0 1 0 1 0 0 0 0 1 4 1 
0 1 1 0 1 0 1 0 0 1 5 
